00001,6,08247,07922,09421,07859,07935,08154
00003,7,08261,07940,09419,07864,07932,08151
00004,8,08269,07954,09430,07871,07928,08149
00019,9,08264,07946,09426,07870,07924,08150
00020,0,08272,07940,09423,07862,07924,08156
00035,1,08258,07910,09423,07867,07931,08151
00036,2,08257,07928,09419,07866,07931,08151
00051,3,08261,07931,09422,07864,07932,08144
00052,4,08255,07916,09428,07862,07934,08151
00067,5,08258,07931,09424,07864,07936,08151
00068,6,08264,07928,09417,07866,07934,08147
00083,7,08253,07922,09415,07872,07932,08146
00084,8,08252,07938,09417,07860,07933,08161
00099,9,08252,07938,09417,07860,07933,08161
00100,0,08251,07930,09421,07862,07930,08146
00115,1,08246,07937,09414,07867,07935,08148
00117,2,08260,07924,09417,07868,07933,08151
00131,3,08252,07924,09417,07862,07939,08151
00132,4,08267,07924,09420,07868,07936,08147
00148,5,08279,07915,09420,07868,07933,08144
00149,6,08256,07934,09420,07869,07939,08151
00163,7,08242,07924,09412,07860,07935,08149
00164,8,08265,07941,09430,07870,07934,08148
00180,9,08262,07938,09430,07872,07932,08151
00181,0,08251,07926,09412,07864,07935,08149
00195,1,08265,07928,09423,07867,07934,08148
00196,2,08252,07928,09419,07866,07939,08151
00211,3,08253,07922,09418,07866,07937,08152
00212,4,08260,07936,09415,07870,07929,08143
00228,5,08266,07935,09415,07870,07932,08142
00229,6,08260,07926,09415,07864,07934,08149
00243,7,08260,07930,09411,07864,07932,08151
00244,8,08254,07930,09418,07857,07931,08156
00260,9,08272,07937,09421,07864,07930,08152
00261,0,08254,07925,09418,07870,07937,08149
00275,1,08256,07935,09418,07870,07932,08149
00276,2,08257,07928,09413,07868,07938,08152
00292,3,08243,07929,09417,07867,07939,08151
00293,4,08254,07918,09422,07866,07935,08154
00307,5,08256,07935,09418,07870,07932,08156
00308,6,08253,07917,09417,07864,07932,08149
00323,7,08250,07914,09420,07867,07930,08149
00324,8,08256,07939,09423,07862,07932,08159
00340,9,08259,07940,09423,07862,07929,08156
00341,0,08243,07914,09422,07864,07934,08151
00356,1,08252,07932,09422,07864,07933,08154
00357,2,08258,07931,09419,07870,07931,08147
00371,3,08244,07940,09416,07870,07939,08151
00372,4,08264,07931,09428,07870,07934,08151
00387,5,08267,07918,09428,07872,07936,08150
00388,6,08256,07937,09424,07867,07934,08138
00404,7,08261,07939,09426,07869,07934,08136
00405,8,08261,07944,09428,07862,07926,08154
00419,9,08253,07943,09423,07860,07931,08156
00420,0,08255,07937,09419,07866,07934,08144
00435,1,08257,07928,09422,07866,07931,08147
00436,2,08268,07933,09423,07867,07929,08139
00452,3,08268,07933,09423,07867,07929,08139
00453,4,08254,07928,09415,07868,07932,08146
00467,5,08248,07926,09424,07862,07932,08151
00468,6,08258,07924,09428,07869,07936,08147
00483,7,08260,07923,09426,07867,07929,08143
00484,8,08262,07935,09422,07862,07926,08151
00499,9,08257,07939,09423,07862,07932,08153
00500,0,08251,07917,09417,07864,07935,08152
00516,1,08252,07921,09416,07864,07934,08151
00517,2,08246,07924,09419,07862,07935,08148
00532,3,08248,07926,09423,07864,07939,08152
00533,4,08266,07944,09421,07870,07932,08146
00548,5,08252,07937,09419,07866,07939,08154
00549,6,08260,07945,09423,07864,07934,08146
00563,7,08258,07928,09419,07867,07931,08144
00564,8,08280,07940,09426,07862,07924,08156
00579,9,08264,07938,09425,07867,07934,08160
00580,0,08256,07920,09420,07862,07933,08149
00595,1,08253,07920,09418,07868,07932,08152
00596,2,08249,07921,09419,07864,07937,08151
00611,3,08260,07920,09423,07869,07934,08152
00612,4,08256,07923,09426,07866,07932,08153
00627,5,08255,07939,09422,07870,07934,08144
00628,6,08261,07947,09419,07866,07926,08154
00643,7,08259,07913,09426,07872,07934,08149
00644,8,08255,07944,09425,07868,07929,08154
00658,9,08259,07935,09437,07869,07936,08148
00659,0,08255,07915,09422,07862,07934,08151
00675,1,08263,07920,09426,07862,07936,08149
00676,2,08261,07921,09422,07864,07933,08147
00690,3,08267,07920,09420,07862,07929,08149
00691,4,08260,07926,09423,07864,07934,08146
00707,5,08262,07930,09420,07868,07931,08149
00708,6,08262,07926,09418,07864,07931,08156
00723,7,08260,07928,09418,07868,07934,08149
00725,8,08263,07937,09426,07864,07930,08149
00740,9,08244,07942,09425,07864,07933,08151
00741,0,08247,07940,09419,07864,07940,08148
00755,1,08263,07918,09425,07867,07934,08154
00756,2,08257,07935,09423,07864,07938,08146
00771,3,08252,07931,09419,07864,07933,08144
00772,4,08258,07931,09422,07870,07931,08151
00787,5,08253,07933,09426,07866,07937,08153
00788,6,08255,07919,09419,07862,07929,08148
00803,7,08257,07923,09417,07862,07926,08146
00805,8,08257,07940,09426,07864,07932,08156
00819,9,08249,07928,09422,07867,07932,08151
00820,0,08249,07924,09425,07868,07937,08148
00835,1,08251,07928,09423,07868,07935,08146
00836,2,08258,07928,09425,07872,07936,08147
00851,3,08248,07926,09423,07864,07939,08152
00852,4,08267,07943,09419,07868,07936,08147
00867,5,08253,07941,09417,07866,07937,08152
00868,6,08255,07928,09422,07867,07934,08151
00883,7,08254,07931,09419,07864,07930,08148
00884,8,08258,07935,09425,07864,07930,08157
00899,9,08263,07937,09426,07864,07930,08149
00900,0,08254,07941,09420,07867,07937,08143
00915,1,08259,07940,09424,07864,07936,08148
00916,2,08249,07928,09416,07867,07932,08151
00931,3,08249,07926,09419,07862,07932,08151
00932,4,08261,07924,09424,07868,07933,08141
00947,5,08270,07921,09419,07870,07926,08144
00948,6,08254,07919,09416,07860,07930,08151
00966,7,08260,07928,09423,07868,07934,08143
00967,8,08246,07928,09425,07867,07935,08151
00979,9,08260,07930,09423,07869,07934,08149
00980,0,08251,07926,09423,07864,07935,08149
00995,1,08248,07928,09420,07868,07939,08152
00996,2,08253,07921,09421,07864,07934,08144
01011,3,08253,07921,09421,07864,07934,08144
01012,4,08260,07926,09423,07864,07934,08146
01027,5,08265,07930,09420,07862,07932,08155
01029,6,08252,07934,09425,07868,07933,08148
01043,7,08247,07922,09417,07866,07934,08152
01044,8,08263,07942,09430,07872,07930,08153
01059,9,08259,07950,09425,07870,07930,08154
01060,0,08247,07923,09423,07860,07939,08156
01075,1,08254,07923,09423,07867,07937,08152
01076,2,08247,07928,09420,07868,07939,08152
01091,3,08253,07923,09420,07860,07932,08152
01093,4,08267,07931,09422,07870,07931,08141
01107,5,08265,07926,09420,07864,07926,08149
01109,6,08268,07934,09425,07874,07931,08141
01123,7,08256,07932,09420,07866,07932,08143
01124,8,08259,07942,09428,07864,07924,08158
01139,9,08267,07944,09428,07868,07924,08158
01140,0,08275,07935,09414,07862,07931,08150
01154,1,08255,07924,09417,07862,07934,08154
01155,2,08244,07938,09414,07860,07944,08154
01171,3,08246,07928,09416,07860,07940,08151
01172,4,08252,07928,09419,07867,07939,08151
01187,5,08259,07935,09412,07864,07934,08149
01188,6,08265,07947,09423,07867,07934,08148
01203,7,08263,07941,09418,07867,07936,08149
01204,8,08260,07937,09416,07864,07922,08153
01218,9,08251,07939,09418,07868,07935,08149
01219,0,08253,07932,09412,07866,07937,08149
01235,1,08255,07928,09414,07866,07934,08147
01236,2,08262,07926,09412,07864,07931,08143
01251,3,08243,07935,09414,07868,07933,08145
01252,4,08249,07930,09411,07864,07937,08151
01267,5,08268,07936,09416,07870,07929,08152
01268,6,08255,07932,09414,07864,07929,08148
01283,7,08241,07936,09412,07864,07935,08149
01284,8,08247,07935,09423,07862,07935,08155
01299,9,08261,07946,09421,07864,07922,08150
01300,0,08248,07946,09415,07864,07927,08156
01315,1,08248,07925,09417,07862,07932,08154
01316,2,08267,07919,09419,07867,07931,08144
01330,3,08272,07922,09414,07864,07929,08150
01331,4,08257,07942,09418,07867,07932,08149
01347,5,08258,07937,09420,07867,07931,08148
01348,6,08260,07936,09421,07864,07934,08146
01363,7,08248,07947,09410,07868,07938,08152
01364,8,08254,07932,09412,07867,07937,08149
01379,9,08266,07951,09419,07872,07926,08153
01380,0,08261,07913,09419,07864,07933,08154
01394,1,08247,07914,09418,07867,07934,08149
01395,2,08252,07930,09411,07864,07933,08154
01411,3,08250,07936,09410,07864,07935,08156
01412,4,08262,07924,09418,07860,07931,08152
01426,5,08258,07915,09420,07868,07936,08154
01427,6,08255,07946,09423,07867,07934,08145
01443,7,08257,07942,09421,07867,07932,08146
01444,8,08249,07944,09416,07862,07931,08148
01459,9,08260,07954,09421,07871,07928,08150
01460,0,08259,07942,09415,07867,07929,08149
01475,1,08251,07936,09421,07864,07935,08143
01476,2,08249,07871,09419,07917,07938,08148
01491,3,08256,07891,09420,07937,07946,08134
01492,4,08240,07897,09415,07921,07951,08146
01507,5,08261,07879,09424,07934,07951,08143
01508,6,08252,07909,09428,07900,07943,08152
01523,7,08269,07911,09426,07892,07938,08147
01524,8,08255,07909,09425,07900,07938,08145
01539,9,08261,07914,09417,07901,07937,08138
01540,0,08240,07901,09418,07911,07929,08150
01555,1,08241,07910,09416,07905,07931,08149
01556,2,08257,07929,09425,07902,07931,08144
01571,3,08260,07917,09425,07899,07928,08147
01572,4,08247,07922,09408,07898,07922,08146
01586,5,08251,07914,09407,07900,07923,08150
01587,6,08246,07916,09401,07883,07914,08154
01602,7,08241,07913,09401,07885,07912,08157
01603,8,08231,07914,09399,07875,07915,08151
01618,9,08227,07915,09399,07876,07915,08150
01619,0,08223,07915,09401,07876,07919,08150
01635,1,08236,07902,09400,07872,07916,08150
01636,2,08229,07905,09394,07875,07912,08153
01651,3,08227,07907,09391,07879,07916,08150
01652,4,08203,07896,09398,07892,07904,08149
01667,5,08206,07897,09398,07892,07900,08146
01668,6,08208,07900,09401,07886,07903,08149
01682,7,08199,07908,09401,07889,07899,08141
01683,8,08203,07924,09406,07891,07890,08142
01699,9,08203,07924,09406,07891,07890,08142
01700,0,08203,07917,09399,07889,07895,08138
01715,1,08210,07913,09406,07890,07889,08142
01716,2,08215,07928,09394,07880,07897,08141
01731,3,08195,07929,09392,07889,07904,08143
01732,4,08223,07934,09386,07876,07897,08140
01746,5,08200,07936,09380,07879,07898,08141
01747,6,08200,07927,09374,07868,07898,08145
01762,7,08196,07925,09376,07865,07898,08143
01763,8,08181,07942,09373,07863,07894,08147
01778,9,08185,07943,09371,07863,07894,08148
01779,0,08153,07950,09307,07887,07889,08133
01794,1,08154,07946,09308,07887,07887,08132
01795,2,08151,07947,09280,07913,07899,08131
01810,3,08152,07952,09279,07913,07897,08129
01811,4,08169,07943,09252,07905,07911,08122
01826,5,08165,07939,09246,07905,07917,08112
01827,6,08153,07952,09211,07927,07936,08103
01842,7,08157,07959,09215,07928,07931,08104
01843,8,08172,07938,09166,07930,07963,08090
01858,9,08183,07940,09163,07928,07965,08093
01859,0,08150,07931,09090,07947,07951,08086
01874,1,08154,07939,09096,07951,07953,08079
01875,2,08135,07969,08982,07917,07947,08078
01890,3,08133,07979,08979,07917,07951,08081
01891,4,08120,08037,08879,07884,07949,08090
01906,5,08125,08039,08879,07886,07949,08091
01907,6,08105,08078,08808,07878,07974,08078
01923,7,08121,08083,08804,07878,07974,08082
01924,8,08144,07998,08827,07932,08021,08072
01938,9,08142,07993,08827,07930,08020,08066
01939,0,08115,07970,08810,07966,08029,08051
01954,1,08117,07975,08812,07966,08027,08053
01955,2,08132,07989,08715,07952,08031,08057
01970,3,08121,07984,08712,07952,08034,08059
01971,4,08125,08031,08621,07931,08036,08037
01987,5,08125,08031,08621,07931,08036,08037
01988,6,08134,08015,08619,07947,08058,08023
02003,7,08136,08007,08618,07942,08060,08026
02004,8,08128,08016,08627,07953,08060,08029
02019,9,08139,08024,08625,07959,08062,08026
02020,0,08147,08016,08624,07965,08081,08053
02034,1,08148,08022,08614,07963,08085,08047
02035,2,08154,08029,08578,07981,08109,08054
02050,3,08160,08035,08575,07978,08112,08056
02051,4,08141,08035,08587,07998,08084,08054
02067,5,08143,08031,08588,07998,08082,08059
02068,6,08162,08014,08547,08006,08133,08055
02083,7,08153,08010,08549,08006,08136,08055
02084,8,08157,08032,08583,08006,08139,08022
02098,9,08165,08034,08581,08003,08141,08024
02099,0,08175,08077,08514,07986,08154,08018
02114,1,08175,08079,08514,07989,08154,08015
02115,2,08212,08049,08393,08004,08195,08020
02131,3,08206,08049,08387,07998,08197,08023
02132,4,08226,08013,08328,08035,08195,08025
02147,5,08235,08012,08328,08036,08195,08021
02148,6,08225,07971,08311,08047,08185,08032
02163,7,08223,07962,08311,08041,08183,08030
02164,8,08218,08001,08314,08028,08158,08031
02179,9,08206,07994,08301,08009,08161,08031
02180,0,08205,08038,08178,07939,08169,08016
02195,1,08214,08036,08176,07932,08171,08015
02196,2,08214,08013,08075,07924,08182,08000
02210,3,08218,08013,08068,07930,08180,08003
02211,4,08214,07988,07985,07918,08182,07997
02227,5,08212,07984,07984,07921,08181,08000
02228,6,08223,07944,07977,07918,08165,07995
02243,7,08231,07951,07966,07922,08167,07987
02244,8,08232,07979,08028,07890,08146,07994
02259,9,08245,07987,08033,07884,08133,07993
02260,0,08214,08003,08059,07857,08125,07991
02274,1,08214,07997,08063,07853,08127,07985
02275,2,08217,08041,07954,07806,08146,07963
02291,3,08221,08043,07951,07804,08149,07963
02292,4,08240,08002,07849,07855,08190,07961
02306,5,08263,07980,07859,07865,08184,07955
02307,6,08267,07916,07844,07945,08205,07965
02322,7,08268,07912,07843,07945,08203,07966
02323,8,08287,07855,07920,08036,08203,07957
02338,9,08282,07855,07908,08026,08199,07963
02339,0,08227,07894,08071,08053,08169,07957
02354,1,08247,07874,08068,08047,08170,07960
02355,2,08213,08030,08094,07946,08178,07940
02371,3,08213,08019,08104,07943,08178,07943
02372,4,08224,08030,08062,07963,08174,07930
02386,5,08215,08043,08066,07954,08159,07927
02387,6,08219,07994,07949,07999,08151,07919
02403,7,08223,07995,07948,08000,08151,07920
02404,8,08221,07945,07875,08018,08137,07928
02418,9,08214,07934,07880,08026,08141,07923
02419,0,08201,07910,07926,08041,08145,07930
02435,1,08204,07898,07926,08037,08141,07927
02436,2,08202,07946,07937,07967,08142,07905
02451,3,08190,07951,07921,07961,08136,07896
02452,4,08205,07972,07905,07916,08146,07888
02467,5,08202,07972,07890,07911,08145,07885
02468,6,08201,07958,07873,07884,08150,07881
02483,7,08199,07938,07861,07886,08141,07882
02484,8,08208,07897,07849,07886,08129,07875
02499,9,08211,07886,07849,07893,08136,07871
02500,0,08233,07868,07894,07895,08129,07867
02515,1,08228,07870,07904,07897,08129,07859
02516,2,08224,07884,07979,07910,08124,07867
02531,3,08218,07879,07979,07911,08126,07868
02532,4,08223,07919,07974,07867,08099,07879
02546,5,08213,07925,07969,07864,08099,07882
02547,6,08218,07923,07971,07841,08086,07902
02562,7,08226,07913,07971,07839,08083,07904
02564,8,08241,07896,07954,07841,08073,07926
02578,9,08245,07894,07954,07844,08067,07921
02579,0,08249,07867,07996,07874,08073,07925
02594,1,08255,07865,08000,07870,08064,07919
02595,2,08228,07875,08065,07891,08086,07906
02610,3,08238,07883,08061,07891,08091,07911
02611,4,08272,07955,08061,07852,08090,07892
02626,5,08266,07951,08058,07853,08092,07889
02627,6,08293,07936,08003,07834,08081,07890
02642,7,08297,07948,07999,07834,08076,07885
02643,8,08290,07939,07889,07796,08063,07887
02658,9,08290,07936,07889,07793,08063,07884
02659,0,08336,07936,07826,07774,08071,07874
02674,1,08327,07944,07821,07774,08071,07875
02675,2,08318,07950,07846,07785,08082,07884
02690,3,08323,07951,07847,07787,08082,07882
02691,4,08311,07929,07822,07770,08069,07899
02706,5,08307,07924,07820,07765,08069,07897
02707,6,08272,07913,07754,07734,08075,07934
02723,7,08276,07912,07749,07732,08075,07936
02724,8,08268,07886,07697,07727,08062,07979
02739,9,08271,07880,07689,07726,08054,07983
02740,0,08280,07848,07694,07744,08038,07995
02755,1,08255,07848,07693,07757,08043,07996
02756,2,08278,07864,07779,07809,08046,07978
02770,3,08282,07853,07788,07811,08048,07974
02771,4,08299,07910,07867,07837,08042,07947
02786,5,08303,07918,07873,07836,08041,07949
02787,6,08318,07960,07890,07820,08037,07940
02803,7,08311,07970,07897,07821,08040,07942
02804,8,08303,07954,07841,07788,08028,07964
02818,9,08296,07958,07834,07783,08020,07963
02819,0,08278,07951,07768,07739,07995,07989
02834,1,08280,07953,07766,07735,07993,07991
02835,2,08272,07928,07714,07698,07980,07994
02850,3,08278,07932,07710,07697,07979,07991
02851,4,08272,07931,07684,07663,07993,08003
02866,5,08274,07926,07681,07665,07995,08003
02867,6,08249,07952,07593,07609,08003,08004
02883,7,08250,07945,07588,07605,08001,08006
02884,8,08244,07886,07508,07612,08007,08036
02899,9,08259,07890,07499,07609,08009,08036
02900,0,08273,07879,07439,07606,07998,08047
02914,1,08268,07892,07438,07611,07998,08045
02916,2,08288,07880,07451,07631,08002,08027
02930,3,08275,07901,07464,07640,08000,08027
02931,4,08292,07927,07556,07671,08014,08035
02946,5,08285,07935,07555,07680,08006,08030
02947,6,08266,07937,07581,07702,07999,08053
02962,7,08250,07934,07585,07698,08003,08051
02963,8,08250,07896,07583,07727,07987,08085
02979,9,08245,07889,07584,07729,07987,08089
02980,0,08253,07871,07550,07729,07910,08133
02994,1,08259,07868,07547,07721,07907,08130
02995,2,08271,07877,07538,07703,07860,08130
03010,3,08270,07881,07537,07703,07861,08132
03011,4,08288,07885,07567,07678,07849,08104
03033,5,08291,07904,07562,07679,07844,08101
03034,6,08304,07882,07549,07639,07816,08097
03042,7,08304,07889,07548,07642,07814,08099
03043,8,08300,07859,07538,07627,07793,08117
03058,9,08302,07860,07541,07627,07790,08117
03059,0,08256,07818,07448,07576,07716,08179
03074,1,08284,07813,07450,07571,07708,08184
03075,2,08267,07826,07429,07502,07613,08189
03090,3,08270,07829,07425,07501,07611,08184
03091,4,08299,07853,07450,07460,07555,08164
03106,5,08295,07842,07453,07456,07552,08162
03107,6,08292,07858,07430,07408,07516,08141
03122,7,08297,07863,07428,07406,07504,08145
03123,8,08296,07812,07371,07360,07465,08157
03138,9,08301,07810,07374,07358,07465,08159
03139,0,08278,07783,07286,07320,07416,08182
03154,1,08292,07759,07289,07319,07404,08178
03155,2,08279,07786,07307,07307,07370,08159
03170,3,08279,07786,07305,07307,07370,08163
03172,4,08298,07837,07374,07302,07356,08135
03186,5,08290,07838,07383,07309,07355,08134
03187,6,08269,07876,07420,07305,07353,08128
03202,7,08273,07875,07424,07303,07352,08133
03203,8,08261,07860,07401,07287,07326,08159
03218,9,08262,07861,07398,07281,07321,08159
03219,0,08240,07827,07326,07218,07273,08179
03234,1,08248,07829,07319,07211,07274,08178
03235,2,08262,07834,07304,07163,07246,08152
03250,3,08248,07834,07298,07157,07244,08146
03251,4,08253,07835,07361,07155,07201,08126
03266,5,08249,07836,07362,07156,07201,08127
03267,6,08258,07840,07420,07165,07180,08118
03282,7,08257,07829,07420,07160,07180,08124
03283,8,08244,07855,07434,07150,07170,08137
03298,9,08250,07856,07434,07145,07168,08134
03299,0,08256,07821,07424,07100,07149,08162
03314,1,08252,07834,07423,07100,07154,08156
03315,2,08252,07842,07401,07034,07120,08187
03329,3,08250,07839,07407,07029,07123,08187
03330,4,08245,07854,07428,06988,07104,08191
03345,5,08250,07853,07426,06986,07104,08189
03346,6,08241,07836,07445,06980,07119,08170
03362,7,08241,07836,07445,06980,07119,08170
03363,8,08240,07859,07420,06991,07159,08141
03378,9,08240,07861,07416,06994,07159,08141
03379,0,08265,07834,07396,06975,07184,08139
03394,1,08257,07835,07394,06971,07180,08130
03395,2,08227,07814,07358,06917,07181,08156
03410,3,08229,07817,07353,06915,07183,08165
03411,4,08246,07836,07377,06894,07249,08124
03426,5,08249,07839,07382,06892,07250,08127
03427,6,08262,07845,07407,06920,07370,08069
03442,7,08248,07854,07410,06926,07383,08061
03443,8,08247,07832,07400,06959,07517,08025
03458,9,08258,07839,07398,06963,07518,08029
03459,0,08248,07789,07350,07010,07699,07987
03474,1,08251,07797,07350,07015,07700,07984
03475,2,08273,07784,07381,07086,07836,07912
03490,3,08276,07786,07384,07084,07838,07904
03491,4,08297,07879,07506,07128,07873,07850
03506,5,08281,07865,07504,07123,07878,07846
03507,6,08330,07919,07568,07120,07869,07836
03522,7,08333,07916,07571,07122,07870,07836
03523,8,08318,07928,07615,07168,07860,07877
03538,9,08324,07943,07611,07169,07854,07879
03539,0,08318,07895,07580,07178,07852,07897
03554,1,08322,07894,07581,07177,07852,07899
03555,2,08355,07875,07471,07143,07826,07881
03570,3,08352,07870,07474,07142,07824,07878
03571,4,08386,07892,07390,07100,07804,07841
03585,5,08407,07897,07382,07096,07801,07834
03586,6,08418,07915,07341,07066,07759,07833
03601,7,08408,07909,07337,07066,07761,07833
03602,8,08394,07888,07297,07061,07699,07867
03618,9,08394,07893,07297,07061,07697,07866
03619,0,08397,07832,07227,07064,07661,07915
03634,1,08401,07824,07225,07064,07659,07921
03635,2,08387,07801,07169,07064,07629,07940
03650,3,08382,07804,07171,07064,07630,07937
03651,4,08395,07832,07154,07032,07629,07906
03666,5,08399,07831,07147,07030,07629,07910
03667,6,08395,07869,07165,07009,07642,07858
03682,7,08407,07882,07165,07014,07641,07860
03683,8,08390,07902,07163,07010,07636,07860
03698,9,08392,07899,07166,07013,07645,07862
03699,0,08371,07870,07151,07037,07626,07900
03714,1,08379,07862,07148,07037,07626,07909
03715,2,08355,07829,07096,07038,07598,07934
03730,3,08352,07823,07095,07036,07596,07934
03731,4,08386,07834,07036,07024,07589,07900
03745,5,08380,07842,07050,07024,07592,07898
03746,6,08388,07865,07096,07025,07608,07865
03762,7,08384,07863,07094,07023,07608,07867
03763,8,08374,07885,07161,07062,07625,07866
03777,9,08361,07871,07172,07069,07630,07871
03778,0,08349,07862,07142,07084,07607,07904
03793,1,08349,07862,07142,07084,07607,07904
03794,2,08331,07832,07092,07072,07571,07940
03810,3,08321,07828,07088,07071,07573,07938
03811,4,08340,07838,07089,07078,07561,07940
03826,5,08337,07837,07089,07078,07565,07937
03827,6,08349,07846,07149,07112,07560,07922
03842,7,08335,07861,07157,07119,07567,07919
03843,8,08334,07893,07163,07139,07547,07948
03857,9,08337,07890,07159,07140,07549,07954
03858,0,08315,07875,07116,07141,07539,07979
03874,1,08308,07868,07115,07138,07537,07981
03875,2,08290,07803,07040,07112,07496,08023
03890,3,08287,07801,07055,07114,07494,08024
03891,4,08304,07792,06984,07076,07482,07994
03906,5,08309,07797,06989,07072,07482,07992
03907,6,08325,07822,07037,07090,07505,07926
03921,7,08332,07835,07056,07081,07493,07929
03922,8,08342,07874,07023,07073,07510,07893
03938,9,08346,07871,07025,07075,07510,07893
03939,0,08321,07821,07008,07084,07522,07911
03954,1,08318,07836,07006,07092,07525,07914
03955,2,08297,07784,06976,07104,07519,07959
03969,3,08297,07779,06980,07103,07513,07965
03970,4,08267,07748,06971,07124,07506,08004
03986,5,08275,07741,06969,07126,07503,08005
03987,6,08284,07773,07022,07142,07494,07975
04001,7,08288,07773,07031,07154,07494,07973
04002,8,08294,07819,07129,07190,07526,07921
04017,9,08298,07835,07129,07198,07526,07919
04018,0,08317,07844,07197,07218,07548,07888
04034,1,08333,07851,07200,07218,07552,07878
04035,2,08306,07809,07197,07246,07554,07896
04050,3,08293,07803,07193,07251,07554,07896
04051,4,08272,07776,07147,07226,07541,07920
04065,5,08291,07784,07152,07225,07533,07918
04066,6,08295,07817,07126,07189,07536,07904
04082,7,08298,07822,07124,07189,07534,07902
04083,8,08311,07852,07139,07173,07540,07894
04098,9,08311,07844,07142,07173,07540,07894
04099,0,08289,07835,07120,07162,07546,07909
04114,1,08291,07840,07126,07162,07544,07907
04115,2,08303,07812,07063,07139,07535,07922
04129,3,08298,07802,07061,07139,07532,07922
04130,4,08297,07770,07021,07132,07515,07926
04146,5,08283,07775,07023,07137,07516,07934
04147,6,08326,07768,07037,07131,07523,07883
04161,7,08329,07778,07041,07133,07523,07881
04162,8,08316,07816,07134,07187,07560,07844
04178,9,08313,07822,07137,07189,07558,07848
04179,0,08311,07833,07234,07238,07600,07838
04193,1,08317,07828,07238,07238,07602,07845
04194,2,08296,07845,07278,07262,07610,07871
04209,3,08291,07834,07274,07257,07607,07874
04210,4,08271,07815,07225,07238,07595,07911
04226,5,08277,07808,07222,07236,07594,07911
04227,6,08281,07811,07166,07194,07569,07904
04242,7,08281,07807,07158,07191,07569,07898
04243,8,08307,07839,07151,07152,07574,07856
04258,9,08309,07833,07156,07154,07572,07851
04259,0,08303,07862,07146,07133,07579,07864
04274,1,08291,07845,07145,07129,07578,07855
04275,2,08303,07826,07097,07098,07562,07884
04290,3,08309,07834,07089,07098,07565,07884
04291,4,08288,07776,07072,07113,07552,07935
04305,5,08270,07767,07066,07112,07553,07932
04306,6,08274,07760,07083,07141,07548,07920
04321,7,08269,07758,07079,07139,07548,07922
04322,8,08293,07787,07146,07167,07562,07873
04338,9,08289,07800,07145,07168,07568,07874
04339,0,08292,07867,07260,07219,07582,07855
04354,1,08294,07848,07263,07224,07584,07857
04355,2,08282,07871,07303,07258,07593,07865
04369,3,08288,07875,07311,07256,07590,07868
04370,4,08263,07835,07280,07266,07590,07905
04386,5,08256,07841,07285,07266,07588,07908
04387,6,08266,07793,07220,07224,07558,07929
04402,7,08259,07801,07216,07225,07565,07929
04403,8,08277,07830,07201,07189,07567,07888
04418,9,08281,07833,07197,07187,07565,07892
04419,0,08295,07869,07227,07189,07582,07872
04434,1,08292,07857,07227,07185,07585,07882
04435,2,08273,07836,07206,07185,07592,07891
04450,3,08270,07832,07199,07187,07590,07888
04451,4,08258,07803,07200,07219,07594,07931
04466,5,08260,07806,07196,07222,07590,07927
04467,6,08253,07779,07182,07232,07581,07937
04482,7,08252,07795,07179,07234,07578,07937
04483,8,08263,07851,07201,07229,07574,07898
04498,9,08274,07857,07202,07224,07567,07887
04499,0,08284,07891,07228,07217,07575,07859
04514,1,08277,07912,07225,07219,07578,07864
04515,2,08282,07876,07239,07236,07573,07883
04529,3,08263,07864,07245,07241,07581,07884
04530,4,08248,07840,07235,07244,07574,07923
04545,5,08248,07840,07235,07244,07574,07923
04546,6,08241,07799,07193,07261,07561,07939
04562,7,08241,07797,07193,07257,07561,07942
04563,8,08256,07752,07195,07270,07565,07922
04578,9,08257,07767,07196,07273,07570,07922
04579,0,08274,07830,07255,07296,07584,07890
04593,1,08265,07830,07261,07300,07585,07886
04594,2,08272,07907,07340,07323,07596,07866
04609,3,08278,07895,07348,07320,07599,07876
04610,4,08253,07882,07363,07337,07607,07893
04626,5,08244,07890,07361,07340,07605,07897
04627,6,08233,07823,07302,07335,07593,07927
04641,7,08254,07814,07303,07328,07583,07930
04642,8,08252,07816,07259,07303,07577,07925
04657,9,08249,07821,07261,07303,07579,07923
04658,0,08264,07836,07276,07290,07575,07904
04674,1,08264,07836,07281,07290,07575,07898
04675,2,08255,07878,07293,07275,07578,07896
04690,3,08252,07880,07282,07271,07581,07898
04691,4,08263,07873,07278,07267,07578,07909
04706,5,08256,07851,07281,07269,07581,07912
04707,6,08239,07817,07228,07260,07568,07923
04722,7,08247,07807,07225,07264,07561,07924
04723,8,08241,07803,07191,07254,07547,07923
04738,9,08243,07802,07189,07246,07545,07921
04739,0,08276,07825,07194,07242,07551,07888
04754,1,08265,07816,07191,07238,07550,07885
04755,2,08266,07842,07257,07257,07559,07894
04770,3,08263,07849,07260,07260,07557,07890
04771,4,08251,07853,07296,07278,07571,07902
04785,5,08246,07846,07297,07280,07571,07902
04786,6,08247,07857,07282,07281,07564,07925
04802,7,08249,07851,07282,07279,07566,07925
04803,8,08234,07816,07228,07257,07553,07927
04817,9,08238,07815,07229,07255,07553,07929
04818,0,08271,07844,07223,07233,07554,07894
04833,1,08263,07853,07226,07233,07554,07885
04834,2,08272,07859,07257,07231,07568,07876
04849,3,08269,07869,07257,07231,07571,07876
04850,4,08237,07852,07263,07237,07571,07897
04865,5,08239,07855,07263,07235,07572,07901
04866,6,08263,07813,07215,07223,07567,07910
04881,7,08255,07819,07207,07219,07567,07917
04882,8,08253,07793,07183,07224,07555,07940
04898,9,08257,07798,07180,07227,07556,07936
04899,0,08247,07790,07212,07248,07557,07921
04913,1,08256,07807,07212,07249,07556,07918
04914,2,08265,07842,07288,07280,07577,07884
04929,3,08265,07843,07291,07280,07577,07887
04930,4,08269,07866,07337,07308,07587,07893
04945,5,08272,07864,07335,07312,07581,07894
04946,6,08269,07866,07337,07318,07584,07915
04961,7,08265,07855,07333,07316,07584,07917
04962,8,08268,07830,07276,07302,07561,07938
04977,9,08256,07839,07273,07302,07565,07945
04978,0,08263,07836,07224,07270,07546,07934
04993,1,08269,07838,07221,07268,07544,07931
04994,2,08274,07857,07254,07254,07525,07918
05009,3,08270,07855,07255,07252,07525,07917
05010,4,08268,07853,07269,07260,07514,07930
05025,5,08265,07851,07265,07258,07514,07928
05026,6,08274,07850,07245,07241,07530,07931
05041,7,08263,07842,07241,07235,07529,07928
05042,8,08259,07823,07220,07235,07529,07949
05057,9,08244,07820,07215,07233,07533,07941
05058,0,08246,07806,07179,07217,07536,07930
05073,1,08248,07809,07179,07215,07539,07933
05074,2,08248,07849,07186,07215,07571,07902
05089,3,08241,07844,07187,07211,07570,07899
05090,4,08239,07875,07213,07217,07584,07893
05105,5,08244,07878,07217,07216,07588,07890
05106,6,08229,07863,07225,07207,07602,07917
05121,7,08231,07863,07221,07207,07599,07917
05122,8,08206,07854,07201,07192,07600,07946
05138,9,08208,07856,07199,07189,07599,07941
05139,0,08217,07817,07135,07166,07570,07951
05154,1,08220,07823,07140,07163,07566,07948
05155,2,08244,07824,07140,07160,07527,07927
05169,3,08232,07818,07146,07164,07530,07933
05170,4,08258,07832,07211,07188,07539,07892
05185,5,08258,07832,07219,07188,07539,07894
05186,6,08256,07868,07297,07208,07544,07883
05201,7,08257,07862,07300,07211,07541,07883
05202,8,08247,07859,07302,07206,07536,07917
05217,9,08248,07851,07302,07207,07539,07919
05218,0,08234,07826,07251,07191,07514,07969
05234,1,08233,07825,07252,07189,07511,07971
05235,2,08242,07815,07223,07133,07479,07981
05249,3,08234,07818,07226,07127,07479,07979
05250,4,08255,07850,07232,07105,07472,07958
05266,5,08253,07828,07226,07100,07476,07951
05267,6,08262,07848,07243,07097,07470,07945
05281,7,08262,07852,07245,07097,07472,07944
05282,8,08258,07836,07227,07094,07471,07940
05297,9,08262,07847,07228,07097,07470,07942
05299,0,08265,07803,07187,07082,07463,07941
05313,1,08246,07816,07187,07086,07464,07940
05314,2,08244,07793,07156,07066,07439,07952
05329,3,08247,07798,07158,07069,07441,07948
05330,4,08252,07813,07160,07031,07441,07921
05345,5,08256,07814,07161,07032,07440,07921
05346,6,08240,07836,07200,07024,07439,07924
05361,7,08236,07835,07201,07022,07439,07923
05362,8,08209,07849,07208,07023,07430,07935
05377,9,08219,07837,07210,07022,07428,07933
05378,0,08230,07815,07182,07003,07430,07942
05394,1,08219,07810,07178,07003,07432,07947
05395,2,08199,07761,07122,06976,07424,07949
05409,3,08207,07769,07123,06974,07420,07944
05410,4,08222,07790,07110,06942,07425,07896
05425,5,08221,07794,07111,06943,07426,07894
05426,6,08256,07843,07136,06928,07444,07835
05441,7,08272,07841,07135,06925,07438,07840
05442,8,08253,07834,07183,06949,07468,07841
05457,9,08251,07843,07183,06955,07467,07831
05458,0,08224,07838,07203,06969,07481,07874
05473,1,08241,07835,07210,06966,07481,07871
05474,2,08206,07815,07203,06986,07495,07936
05489,3,08212,07819,07209,06992,07494,07934
05490,4,08187,07786,07238,07015,07492,07938
05505,5,08191,07788,07240,07017,07492,07936
05506,6,08205,07818,07310,07059,07492,07909
05521,7,08212,07822,07315,07060,07494,07907
05522,8,08237,07877,07384,07113,07513,07865
05537,9,08247,07873,07389,07119,07513,07859
05538,0,08278,07879,07412,07153,07545,07840
05553,1,08270,07871,07409,07151,07545,07843
05554,2,08255,07816,07402,07176,07565,07869
05569,3,08269,07832,07405,07180,07569,07877
05570,4,08235,07823,07378,07179,07585,07921
05585,5,08243,07828,07373,07181,07590,07928
05586,6,08239,07840,07374,07178,07609,07958
05601,7,08237,07849,07377,07179,07612,07962
05602,8,08236,07862,07390,07199,07673,07968
05616,9,08239,07853,07394,07195,07678,07970
05617,0,08241,07868,07412,07225,07740,07974
05633,1,08241,07862,07412,07224,07746,07978
05634,2,08240,07873,07391,07239,07760,07984
05649,3,08257,07867,07380,07239,07761,07985
05650,4,08247,07854,07355,07249,07754,07997
05665,5,08245,07850,07356,07249,07755,07999
05666,6,08272,07855,07363,07275,07772,07988
05681,7,08269,07848,07366,07272,07780,07985
05682,8,08280,07856,07429,07326,07831,07975
05697,9,08279,07851,07425,07326,07834,07971
05698,0,08271,07873,07484,07387,07877,07994
05712,1,08270,07864,07483,07384,07879,07990
05713,2,08264,07864,07481,07396,07890,08007
05728,3,08264,07866,07484,07396,07890,08011
05730,4,08239,07860,07493,07408,07857,08042
05745,5,08233,07867,07489,07411,07852,08040
05746,6,08251,07853,07494,07398,07788,08040
05761,7,08255,07862,07494,07398,07783,08039
05762,8,08251,07896,07508,07371,07720,08021
05776,9,08264,07880,07513,07367,07715,08016
05777,0,08269,07876,07511,07337,07668,07999
05793,1,08273,07885,07508,07337,07665,07996
05794,2,08258,07880,07472,07277,07586,08018
05808,3,08271,07885,07466,07277,07581,08015
05809,4,08264,07853,07384,07217,07501,08031
05825,5,08262,07847,07387,07215,07499,08028
05826,6,08246,07808,07353,07173,07408,08054
05841,7,08248,07820,07353,07171,07403,08051
05842,8,08236,07822,07378,07148,07331,08038
05857,9,08234,07815,07379,07151,07328,08040
05858,0,08253,07837,07396,07136,07296,08003
05873,1,08242,07836,07399,07134,07301,08002
05874,2,08247,07867,07407,07126,07264,07993
05888,3,08247,07861,07404,07129,07265,07990
05889,4,08221,07834,07389,07105,07237,08002
05904,5,08225,07833,07387,07103,07237,08001
05905,6,08233,07846,07346,07048,07210,07969
05921,7,08233,07846,07346,07048,07210,07969
05922,8,08241,07832,07328,07003,07215,07971
05936,9,08246,07850,07335,07008,07209,07969
05937,0,08219,07833,07345,06996,07209,07979
05952,1,08217,07837,07344,06997,07211,07981
05953,2,08198,07824,07354,06986,07190,08011
05968,3,08194,07822,07355,06985,07190,08009
05969,4,08183,07813,07338,06971,07164,08023
05985,5,08177,07807,07335,06970,07167,08022
05986,6,08180,07802,07336,06967,07143,08006
06001,7,08195,07804,07338,06968,07140,08010
06003,8,08229,07821,07362,06947,07152,07974
06016,9,08226,07828,07362,06949,07150,07967
06017,0,08243,07835,07405,06942,07148,07946
06032,1,08244,07831,07407,06941,07146,07945
06033,2,08225,07827,07434,06958,07154,07959
06049,3,08228,07828,07433,06960,07154,07961
06050,4,08226,07821,07436,06950,07145,07978
06065,5,08225,07821,07435,06947,07142,07983
06066,6,08234,07805,07399,06924,07137,07979
06081,7,08235,07796,07400,06926,07141,07971
06082,8,08231,07812,07408,06926,07181,07973
06097,9,08229,07809,07413,06923,07184,07974
06098,0,08228,07808,07448,06926,07227,07949
06113,1,08223,07815,07447,06929,07232,07951
06114,2,08242,07827,07470,06909,07302,07917
06129,3,08242,07819,07473,06906,07304,07919
06130,4,08258,07829,07440,06859,07368,07889
06144,5,08257,07825,07440,06855,07372,07882
06145,6,08245,07785,07412,06816,07421,07896
06160,7,08245,07796,07407,06820,07421,07896
06161,8,08246,07771,07397,06788,07421,07904
06177,9,08246,07771,07395,06787,07421,07900
06178,0,08250,07808,07410,06777,07424,07890
06193,1,08252,07799,07408,06779,07427,07884
06194,2,08261,07819,07434,06797,07425,07892
06209,3,08250,07834,07438,06804,07428,07894
06210,4,08251,07836,07430,06805,07414,07906
06225,5,08248,07825,07430,06804,07417,07906
06226,6,08261,07813,07434,06814,07399,07927
06240,7,08258,07817,07432,06814,07404,07925
06241,8,08263,07798,07437,06833,07392,07932
06256,9,08259,07793,07433,06833,07394,07938
06257,0,08285,07787,07461,06866,07413,07920
06272,1,08280,07788,07463,06867,07413,07921
06273,2,08287,07819,07500,06908,07446,07903
06288,3,08294,07822,07501,06907,07444,07903
06289,4,08297,07826,07513,06914,07472,07893
06304,5,08297,07826,07513,06914,07472,07893
06305,6,08284,07838,07502,06896,07483,07920
06320,7,08284,07838,07502,06896,07483,07920
06321,8,08283,07822,07496,06873,07471,07940
06337,9,08281,07833,07495,06875,07468,07938
06338,0,08286,07829,07490,06882,07461,07947
06353,1,08287,07825,07488,06882,07460,07949
06354,2,08285,07827,07486,06884,07455,07944
06368,3,08296,07828,07482,06880,07454,07946
06369,4,08304,07853,07480,06882,07438,07956
06385,5,08298,07846,07477,06881,07440,07956
06386,6,08307,07838,07460,06867,07403,07989
06401,7,08301,07828,07458,06864,07404,07994
06402,8,08290,07808,07442,06839,07373,08021
06417,9,08298,07817,07437,06844,07367,08030
06418,0,08289,07811,07429,06836,07353,08026
06433,1,08295,07809,07437,06833,07356,08026
06434,2,08317,07817,07443,06824,07359,08003
06449,3,08313,07828,07443,06828,07358,08006
06450,4,08298,07811,07467,06814,07352,07994
06465,5,08305,07812,07463,06811,07354,07992
06466,6,08292,07818,07435,06776,07328,08002
06481,7,08295,07810,07434,06776,07324,08002
06482,8,08306,07789,07411,06745,07301,07997
06497,9,08290,07788,07410,06743,07305,07998
06498,0,08296,07803,07403,06732,07288,07991
06512,1,08292,07806,07406,06736,07292,07994
06513,2,08302,07811,07422,06731,07288,07977
06529,3,08299,07814,07419,06729,07286,07971
06531,4,08286,07818,07457,06712,07256,07973
06545,5,08288,07818,07454,06712,07251,07973
06546,6,08293,07810,07434,06672,07221,07974
06561,7,08283,07816,07431,06667,07207,07979
06562,8,08271,07773,07411,06644,07183,07996
06577,9,08270,07795,07406,06645,07185,07995
06578,0,08280,07766,07402,06644,07164,07998
06592,1,08267,07767,07400,06642,07170,07996
06593,2,08269,07792,07433,06675,07181,07983
06608,3,08262,07789,07429,06677,07183,07980
06609,4,08250,07799,07465,06705,07199,07969
06625,5,08256,07784,07470,06703,07198,07963
06626,6,08265,07808,07473,06705,07202,07967
06640,7,08249,07806,07466,06703,07206,07967
06641,8,08255,07812,07477,06692,07193,07969
06656,9,08249,07795,07469,06683,07197,07971
06657,0,08247,07790,07456,06683,07178,07962
06673,1,08262,07808,07455,06681,07173,07973
06674,2,08278,07782,07467,06691,07176,07942
06689,3,08266,07787,07468,06692,07182,07940
06690,4,08272,07802,07490,06703,07189,07932
06705,5,08271,07805,07483,06707,07190,07935
06706,6,08274,07811,07470,06697,07190,07951
06720,7,08260,07806,07474,06692,07199,07947
06722,8,08245,07817,07457,06675,07189,07971
06736,9,08245,07799,07456,06675,07189,07977
06737,0,08247,07772,07427,06664,07175,07982
06753,1,08252,07766,07424,06662,07175,07982
06754,2,08258,07748,07429,06680,07154,07964
06768,3,08254,07773,07429,06676,07161,07964
06769,4,08280,07786,07459,06694,07160,07952
06785,5,08270,07794,07460,06690,07157,07950
06786,6,08276,07805,07476,06717,07171,07950
06801,7,08271,07803,07487,06718,07167,07952
06802,8,08270,07802,07500,06730,07195,07951
06817,9,08278,07816,07503,06729,07185,07956
06818,0,08270,07797,07485,06716,07172,07964
06832,1,08265,07818,07486,06720,07168,07968
06833,2,08271,07783,07467,06709,07146,07985
06848,3,08275,07796,07466,06713,07145,07986
06849,4,08270,07773,07458,06706,07143,07982
06865,5,08270,07773,07458,06706,07143,07982
06866,6,08282,07783,07471,06710,07148,07961
06880,7,08286,07791,07466,06710,07156,07961
06881,8,08298,07787,07476,06704,07148,07949
06896,9,08305,07780,07471,06700,07151,07944
06897,0,08286,07798,07459,06688,07133,07945
06912,1,08294,07809,07456,06691,07133,07945
06913,2,08296,07781,07412,06650,07113,07961
06929,3,08292,07783,07410,06652,07113,07961
06930,4,08298,07756,07377,06615,07085,07969
06944,5,08288,07759,07377,06608,07085,07971
06945,6,08294,07763,07381,06609,07091,07952
06960,7,08304,07773,07385,06609,07091,07949
06961,8,08315,07777,07403,06624,07109,07938
06976,9,08306,07776,07407,06622,07117,07933
06977,0,08295,07781,07405,06629,07117,07952
06993,1,08293,07777,07409,06628,07119,07957
06994,2,08287,07799,07376,06611,07115,07969
07008,3,08292,07795,07375,06606,07115,07978
07009,4,08296,07770,07333,06573,07091,07972
07024,5,08284,07771,07329,06575,07087,07974
07025,6,08299,07737,07332,06572,07068,07958
07041,7,08299,07731,07332,06569,07063,07956
07042,8,08310,07760,07357,06589,07079,07936
07056,9,08319,07753,07356,06587,07084,07936
07057,0,08304,07778,07392,06630,07101,07936
07072,1,08303,07783,07399,06626,07108,07938
07073,2,08288,07780,07420,06646,07126,07944
07088,3,08278,07769,07420,06647,07131,07943
07089,4,08275,07776,07404,06638,07112,07961
07104,5,08277,07779,07403,06637,07111,07961
07105,6,08277,07749,07366,06606,07079,07969
07120,7,08279,07753,07365,06605,07077,07968
07121,8,08270,07748,07348,06600,07070,07972
07136,9,08274,07750,07352,06602,07070,07974
07137,0,08242,07758,07380,06626,07096,07970
07153,1,08247,07757,07378,06624,07096,07968
07154,2,08248,07777,07405,06633,07110,07952
07168,3,08266,07790,07407,06634,07109,07950
07169,4,08257,07768,07390,06612,07112,07948
07185,5,08254,07774,07388,06607,07110,07944
07186,6,08251,07781,07282,06545,07078,07929
07201,7,08253,07786,07280,06545,07077,07928
07202,8,08290,07790,07221,06502,07053,07908
07216,9,08293,07788,07211,06502,07060,07914
07217,0,08256,07757,07225,06519,07072,07922
07232,1,08259,07762,07225,06517,07074,07925
07233,2,08259,07751,07268,06566,07094,07934
07248,3,08268,07756,07270,06566,07092,07939
07249,4,08257,07752,07314,06595,07116,07945
07264,5,08262,07753,07315,06596,07116,07943
07265,6,08254,07749,07302,06600,07125,07938
07281,7,08252,07752,07304,06596,07117,07940
07282,8,08266,07744,07263,06574,07099,07940
07296,9,08274,07737,07265,06578,07099,07940
07297,0,08283,07747,07269,06582,07082,07941
07313,1,08269,07745,07272,06585,07085,07940
07314,2,08259,07746,07333,06626,07100,07940
07328,3,08257,07749,07339,06630,07104,07934
07329,4,08285,07754,07397,06675,07133,07945
07344,5,08285,07745,07397,06675,07133,07948
07345,6,08249,07778,07456,06713,07146,07973
07360,7,08258,07775,07456,06710,07146,07973
07361,8,08260,07783,07455,06703,07123,07975
07377,9,08257,07786,07455,06701,07121,07972
07378,0,08248,07776,07431,06669,07112,07968
07393,1,08246,07777,07427,06671,07109,07966
07394,2,08259,07787,07412,06656,07110,07962
07408,3,08268,07778,07414,06655,07110,07966
07409,4,08254,07755,07411,06652,07129,07962
07424,5,08268,07761,07408,06653,07127,07958
07425,6,08257,07776,07370,06628,07120,07958
07441,7,08256,07775,07362,06622,07122,07960
07442,8,08262,07760,07304,06577,07100,07941
07456,9,08266,07755,07297,06570,07097,07938
07457,0,08246,07719,07262,06546,07083,07939
07473,1,08254,07731,07265,06545,07078,07935
07474,2,08255,07733,07277,06548,07088,07932
07488,3,08251,07735,07275,06551,07088,07931
07489,4,08255,07757,07324,06586,07114,07933
07505,5,08257,07753,07324,06586,07112,07934
07506,6,08261,07767,07374,06630,07136,07921
07520,7,08255,07757,07376,06630,07142,07921
07521,8,08245,07776,07388,06641,07132,07925
07536,9,08240,07760,07392,06639,07134,07928
07537,0,08240,07757,07350,06618,07121,07942
07552,1,08241,07761,07346,06618,07119,07944
07553,2,08238,07771,07320,06607,07112,07953
07568,3,08222,07764,07319,06605,07115,07953
07569,4,08239,07777,07335,06612,07105,07949
07584,5,08250,07785,07339,06619,07106,07952
07585,6,08250,07756,07352,06620,07119,07954
07600,7,08258,07756,07355,06620,07119,07953
07601,8,08250,07783,07349,06616,07124,07958
07616,9,08248,07773,07345,06614,07121,07962
07617,0,08260,07741,07303,06588,07110,07953
07632,1,08258,07736,07305,06588,07112,07954
07633,2,08246,07729,07288,06575,07095,07972
07647,3,08251,07735,07290,06576,07089,07977
07648,4,08250,07758,07298,06564,07059,07964
07664,5,08254,07759,07302,06565,07059,07961
07665,6,08256,07764,07329,06552,07025,07975
07680,7,08256,07779,07332,06555,07020,07979
07681,8,08238,07763,07329,06549,06992,07992
07695,9,08234,07752,07327,06554,07003,07986
07696,0,08242,07763,07311,06545,06999,07978
07712,1,08240,07765,07306,06541,07001,07979
07713,2,08232,07750,07289,06541,07000,07971
07728,3,08232,07758,07284,06541,07001,07968
07729,4,08238,07730,07296,06539,06941,07972
07744,5,08241,07738,07297,06538,06944,07973
07745,6,08247,07737,07327,06542,06894,07975
07760,7,08246,07739,07327,06544,06890,07971
07761,8,08235,07766,07376,06574,06886,07974
07776,9,08241,07759,07376,06573,06883,07971
07777,0,08247,07778,07401,06615,06896,07958
07792,1,08243,07782,07400,06615,06901,07964
07793,2,08245,07782,07410,06623,06932,07964
07807,3,08238,07768,07410,06620,06934,07971
07808,4,08229,07773,07412,06593,06903,08000
07824,5,08229,07769,07409,06588,06903,08000
07825,6,08232,07777,07405,06557,06876,07990
07840,7,08244,07767,07405,06560,06870,07991
07841,8,08231,07763,07407,06538,06862,07976
07856,9,08243,07745,07409,06538,06858,07979
07857,0,08232,07777,07422,06557,06876,07990
07872,1,08249,07781,07416,06557,06877,07991
07873,2,08242,07762,07410,06552,06907,07987
07888,3,08240,07770,07409,06556,06910,07985
07889,4,08251,07766,07394,06552,06896,07979
07903,5,08238,07753,07388,06549,06900,07978
07904,6,08242,07761,07394,06551,06890,07979
07920,7,08247,07759,07393,06549,06890,07977
07922,8,08230,07764,07414,06532,06887,07974
07935,9,08241,07756,07417,06530,06888,07973
07936,0,08241,07773,07438,06528,06905,07978
07952,1,08239,07765,07438,06528,06909,07978
07953,2,08241,07757,07442,06524,06918,07983
07968,3,08243,07767,07442,06524,06914,07983
07969,4,08264,07752,07420,06495,06897,07965
07984,5,08249,07754,07414,06493,06898,07969
07985,6,08262,07749,07387,06452,06873,07969
08000,7,08266,07754,07386,06452,06868,07971
08001,8,08264,07745,07368,06412,06865,07990
08016,9,08259,07739,07368,06410,06868,07987
08017,0,08257,07740,07380,06398,06868,07986
08031,1,08259,07731,07376,06398,06863,07983
08032,2,08263,07758,07383,06393,06876,07986
08048,3,08260,07752,07380,06391,06874,07989
08049,4,08253,07743,07365,06403,06898,07979
08063,5,08243,07730,07364,06404,06904,07979
08064,6,08242,07745,07361,06393,06891,07983
08080,7,08237,07744,07361,06391,06891,07979
08081,8,08248,07751,07339,06365,06873,07967
08096,9,08248,07756,07343,06360,06870,07965
08097,0,08258,07762,07356,06343,06858,07955
08112,1,08254,07761,07355,06341,06858,07957
08113,2,08242,07768,07371,06340,06869,07959
08128,3,08254,07774,07368,06342,06870,07959
08129,4,08249,07769,07387,06361,06902,07945
08144,5,08257,07769,07390,06356,06900,07952
08145,6,08251,07751,07385,06363,06906,07950
08160,7,08243,07747,07387,06363,06905,07951
08161,8,08212,07744,07389,06373,06889,07961
08176,9,08214,07749,07383,06374,06891,07967
08177,0,08216,07777,07388,06369,06878,07962
08191,1,08240,07769,07388,06363,06877,07956
08192,2,08250,07791,07403,06355,06905,07939
08208,3,08248,07786,07402,06355,06907,07937
08209,4,08238,07789,07405,06359,06919,07934
08224,5,08234,07786,07405,06355,06916,07931
08225,6,08242,07778,07395,06357,06898,07939
08240,7,08244,07785,07398,06353,06898,07936
08241,8,08237,07789,07397,06361,06881,07943
08256,9,08248,07768,07397,06361,06872,07943
08257,0,08232,07760,07410,06375,06880,07960
08271,1,08231,07756,07416,06375,06882,07956
08272,2,08224,07774,07442,06376,06902,07950
08287,3,08224,07774,07442,06376,06902,07950
08288,4,08215,07795,07483,06392,06916,07935
08304,5,08210,07787,07481,06393,06916,07943
08305,6,08219,07789,07479,06388,06911,07940
08320,7,08212,07799,07472,06391,06907,07940
08321,8,08235,07774,07461,06389,06906,07942
08336,9,08231,07784,07461,06394,06904,07945
08337,0,08225,07780,07467,06401,06911,07955
08352,1,08228,07774,07464,06399,06913,07951
08353,2,08212,07764,07445,06367,06889,07957
08368,3,08203,07758,07447,06366,06895,07955
08369,4,08213,07789,07466,06367,06873,07962
08384,5,08220,07786,07464,06365,06869,07956
08385,6,08229,07786,07482,06385,06885,07934
08399,7,08226,07786,07482,06385,06889,07937
08400,8,08238,07798,07465,06389,06915,07922
08416,9,08242,07796,07467,06388,06915,07923
08417,0,08246,07763,07457,06387,06919,07940
08431,1,08234,07770,07460,06388,06918,07940
08433,2,08207,07753,07442,06367,06907,07963
08448,3,08211,07749,07443,06367,06902,07959
08449,4,08231,07758,07460,06380,06906,07947
08464,5,08231,07758,07460,06380,06906,07947
08465,6,08240,07772,07505,06406,06923,07939
08480,7,08234,07766,07509,06412,06923,07931
08481,8,08239,07794,07547,06446,06944,07939
08495,9,08227,07798,07540,06448,06953,07935
08496,0,08237,07801,07547,06439,06945,07940
08511,1,08234,07798,07547,06441,06944,07937
08512,2,08226,07802,07545,06411,06916,07978
08528,3,08230,07803,07547,06413,06916,07976
08529,4,08234,07782,07504,06376,06896,07984
08543,5,08236,07767,07503,06372,06894,07986
08544,6,08231,07756,07512,06384,06915,07987
08559,7,08226,07750,07509,06382,06917,07987
08560,8,08214,07792,07523,06432,06941,07961
08576,9,08216,07786,07521,06432,06939,07963
08577,0,08231,07798,07539,06446,06953,07953
08591,1,08229,07796,07534,06445,06949,07948
08592,2,08228,07788,07525,06438,06944,07965
08607,3,08225,07794,07523,06441,06942,07961
08608,4,08227,07786,07510,06418,06935,07973
08623,5,08225,07780,07505,06413,06931,07971
08624,6,08233,07779,07497,06391,06922,07980
08640,7,08231,07785,07503,06392,06914,07982
08641,8,08232,07805,07528,06422,06918,07982
08656,9,08228,07808,07524,06420,06917,07982
08657,0,08212,07788,07513,06431,06931,07963
08672,1,08218,07784,07515,06433,06931,07959
08673,2,08226,07794,07525,06441,06942,07951
08688,3,08227,07791,07521,06438,06946,07949
08689,4,08198,07783,07499,06415,06931,07978
08704,5,08204,07781,07503,06418,06929,07975
08705,6,08211,07785,07511,06413,06909,07999
08720,7,08199,07785,07510,06413,06914,07993
08721,8,08210,07800,07537,06437,06904,07996
08735,9,08204,07801,07547,06437,06900,07994
08736,0,08203,07804,07579,06471,06920,07984
08752,1,08206,07805,07584,06476,06921,07984
08753,2,08201,07822,07589,06497,06959,07974
08768,3,08210,07820,07596,06493,06959,07975
08769,4,08223,07816,07552,06473,06958,07980
08784,5,08233,07809,07548,06475,06951,07982
08785,6,08199,07810,07542,06453,06933,07994
08799,7,08206,07818,07545,06454,06931,07994
08800,8,08224,07811,07516,06413,06909,07998
08815,9,08223,07807,07517,06413,06911,08000
08816,0,08196,07839,07509,06414,06927,08006
08831,1,08206,07834,07515,06419,06926,08003
08832,2,08204,07824,07532,06467,06971,08003
08848,3,08206,07819,07534,06466,06968,08002
08849,4,08189,07810,07528,06460,06972,08018
08863,5,08193,07822,07524,06460,06972,08015
08864,6,08193,07814,07543,06480,06972,08031
08879,7,08197,07820,07540,06481,06969,08031
08880,8,08219,07816,07572,06518,06979,08017
08896,9,08221,07795,07571,06513,06983,08022
08897,0,08223,07837,07618,06551,06998,07997
08912,1,08216,07833,07614,06551,06997,07999
08913,2,08215,07869,07669,06596,07024,07986
08927,3,08215,07860,07666,06596,07024,07985
08928,4,08224,07848,07683,06592,07024,07982
08943,5,08212,07855,07685,06595,07022,07983
08944,6,08226,07853,07651,06564,07009,08004
08959,7,08222,07851,07649,06562,07011,07999
08960,8,08212,07838,07627,06532,06985,08014
08976,9,08212,07835,07624,06530,06985,08014
08977,0,08189,07827,07608,06520,06997,08038
08992,1,08193,07835,07608,06525,06998,08028
08993,2,08193,07848,07615,06541,07022,08023
09007,3,08206,07851,07620,06539,07024,08023
09008,4,08199,07853,07626,06554,07039,08020
09024,5,08191,07844,07630,06556,07042,08019
09025,6,08199,07851,07605,06530,07028,08021
09039,7,08188,07850,07603,06528,07025,08023
09040,8,08210,07830,07580,06509,07005,08019
09055,9,08210,07830,07580,06509,07005,08019
09056,0,08208,07825,07581,06514,07002,08018
09071,1,08208,07825,07581,06514,07002,08018
09072,2,08218,07845,07610,06534,07006,07996
09087,3,08214,07844,07614,06532,07006,07991
09088,4,08225,07848,07645,06552,07019,07991
09104,5,08219,07850,07645,06550,07021,07991
09105,6,08205,07842,07656,06542,07035,07990
09119,7,08201,07842,07651,06547,07033,07996
09120,8,08196,07830,07640,06532,07022,08007
09135,9,08196,07838,07635,06530,07022,08010
09136,0,08201,07820,07615,06498,06996,08016
09151,1,08205,07809,07611,06496,06996,08014
09152,2,08203,07806,07619,06501,06981,08025
09168,3,08201,07810,07620,06501,06983,08024
09169,4,08215,07827,07646,06521,06999,08010
09184,5,08205,07809,07644,06521,07006,08008
09185,6,08208,07836,07671,06554,07013,08005
09199,7,08202,07841,07683,06554,07011,08004
09200,8,08217,07836,07698,06553,07009,07982
09216,9,08202,07831,07688,06555,07011,07975
09217,0,08218,07815,07666,06545,07008,07979
09231,1,08229,07819,07666,06538,07005,07976
09232,2,08217,07830,07660,06537,07013,07985
09248,3,08217,07830,07660,06537,07013,07985
09249,4,08217,07821,07667,06529,07015,08000
09263,5,08224,07812,07669,06525,07017,08001
09264,6,08219,07816,07677,06527,07006,08010
09279,7,08233,07812,07678,06522,07006,08005
09280,8,08230,07831,07690,06534,06998,08009
09296,9,08232,07822,07690,06533,06995,08009
09297,0,08238,07836,07644,06507,06996,08000
09311,1,08253,07836,07638,06502,06992,07994
09312,2,08224,07800,07616,06493,06995,07996
09327,3,08225,07805,07615,06493,06993,07995
09328,4,08225,07796,07615,06493,06993,07998
09343,5,08224,07796,07613,06491,06989,08003
09344,6,08228,07815,07638,06497,06991,07997
09360,7,08230,07814,07639,06501,06988,07999
09361,8,08229,07810,07681,06519,06988,07996
09375,9,08218,07816,07675,06520,06986,07987
09376,0,08226,07804,07674,06536,07003,07976
09392,1,08230,07803,07675,06535,07003,07978
09393,2,08217,07841,07661,06539,07011,07974
09407,3,08208,07837,07656,06536,07011,07981
09408,4,08202,07831,07659,06520,06991,07985
09423,5,08211,07834,07659,06523,06991,07985
09424,6,08208,07815,07650,06503,06988,07998
09440,7,08212,07825,07649,06506,06988,07996
09441,8,08188,07825,07649,06524,07002,07989
09455,9,08201,07825,07655,06530,07003,07992
09456,0,08182,07838,07642,06532,07009,07986
09471,1,08182,07838,07642,06532,07009,07986
09472,2,08200,07831,07630,06522,07005,07978
09487,3,08197,07836,07631,06522,07006,07976
09488,4,08203,07830,07625,06525,07000,07982
09504,5,08199,07838,07625,06530,06998,07985
09505,6,08203,07831,07635,06538,07003,07980
09519,7,08192,07828,07638,06540,07002,07978
09520,8,08204,07820,07656,06539,06998,07968
09534,9,08203,07824,07654,06540,07000,07970
09535,0,08221,07809,07671,06543,07000,07966
09551,1,08224,07813,07675,06541,07001,07966
09552,2,08205,07832,07662,06525,06981,07981
09567,3,08199,07838,07660,06526,06983,07982
09568,4,08216,07852,07604,06507,06978,07977
09583,5,08210,07834,07604,06502,06980,07980
09584,6,08213,07825,07598,06499,06969,07995
09599,7,08207,07831,07594,06500,06971,07995
09600,8,08191,07805,07601,06516,06987,07997
09615,9,08200,07814,07604,06516,06986,07993
09616,0,08195,07828,07631,06534,07003,07993
09631,1,08207,07833,07632,06540,07003,07992
09632,2,08215,07845,07642,06555,07011,07983
09647,3,08212,07835,07646,06555,07013,07987
09649,4,08202,07832,07644,06545,07016,07988
09663,5,08210,07837,07645,06552,07016,07991
09664,6,08195,07842,07634,06534,07001,07995
09679,7,08197,07847,07636,06534,06999,07997
09680,8,08195,07822,07630,06531,06998,07996
09695,9,08199,07828,07632,06532,06993,08002
09696,0,08197,07839,07650,06571,07003,07992
09711,1,08198,07842,07649,06568,07002,07994
09712,2,08211,07818,07677,06587,07007,07983
09727,3,08207,07825,07671,06586,07007,07984
09728,4,08213,07836,07681,06596,07016,07971
09743,5,08216,07831,07686,06594,07018,07971
09744,6,08213,07814,07685,06591,07027,07967
09759,7,08217,07818,07691,06589,07028,07971
09760,8,08215,07838,07703,06581,07021,07969
09775,9,08213,07838,07706,06581,07024,07969
09776,0,08207,07822,07712,06580,07009,07988
09791,1,08208,07829,07713,06579,07013,07984
09792,2,08182,07820,07726,06589,07021,07999
09806,3,08186,07837,07732,06592,07012,08003
09807,4,08200,07820,07720,06594,07026,07996
09823,5,08196,07821,07722,06596,07026,07997
09824,6,08206,07827,07708,06590,07024,07983
09839,7,08201,07814,07707,06585,07031,07983
09840,8,08212,07826,07700,06578,07013,07969
09855,9,08214,07825,07704,06576,07017,07971
09856,0,08212,07823,07710,06572,07011,07965
09871,1,08213,07824,07709,06574,07013,07969
09872,2,08195,07813,07726,06593,07017,07974
09887,3,08199,07811,07729,06595,07019,07980
09888,4,08218,07822,07748,06602,07017,07982
09903,5,08217,07820,07747,06605,07018,07977
09904,6,08223,07839,07747,06606,07022,07984
09919,7,08232,07834,07739,06612,07018,07983
09920,8,08235,07838,07717,06602,07026,07971
09935,9,08235,07843,07718,06602,07028,07970
09936,0,08224,07827,07696,06577,07011,07975
09951,1,08227,07821,07696,06580,07006,07978
09952,2,08233,07827,07705,06560,06987,08001
09967,3,08229,07824,07707,06562,06986,08001
09968,4,08220,07815,07714,06567,06981,07998
09983,5,08220,07815,07714,06567,06981,07998
09984,6,08226,07815,07714,06567,06984,07999
09999,7,08223,07820,07710,06563,06987,07998
10000,8,08209,07821,07696,06561,07001,07991
